3502252007   856.   627.   539.   501.   322.   199.    34.    66.   180.   459.   648.   818.
3502252008   896.   644.   719.   612.   322.   238.    54.    54.   123.   415.   528.   880.
3502252009   787.   672.   725.   525.   305.   144.    18.    51.   111.   440.   624.   908.
3502252010   636.   560.   614.   540.   431.   246.    64.    66.   143.   381.   654.   744.
3502252011   744.   736.   670.   624.   462.   235.   110.    54.    77.   378.   663.   846.
3502252012   763.   669.   722.   468.   360.   249.    79.    34.   104.   369.   567.   797.
3502252013   852.   655.   592.   468.   290.   130.    31.    35.   138.   434.   618.   914.
3502252014   719.   700.   561.   447.   249.   172.    17.    16.    77.   243.   609.   679.
3502252015   645.   490.   453.   486.   261.    47.    14.    22.   157.   237.   666.   747.
3502252016   735.   518.   580.   327.   249.   122.    71.    23.   164.   394.   480.   921.
3502252017   924.   680.   617.   531.   275.   133.    37.     9.    91.   403.   609.   797.
3502252018   670.   697.   666.   474.   238.   149.    17.    29.   162.   338.   573.   750.
3502252019   716.   823.   660.   447.   258.   130.    63.    30.   167.   508.   600.   738.
3502252020   691.   661.   679.   435.   284.   169.    48.    36.    80.   347.   639.   725.
3502252021   707.   700.   670.   420.   305.    54.    17.    24.   119.   440.   540.   812.
3502252022   750.   661.   570.   591.   409.   157.    20.    11.    74.   228.   738.   818.
3502252023   756.   734.   760.   543.   202.   122.    22.    10.   138.   338.   600.   642.
3502252024   747.   613.   617.   486.   344.   144.    11.    41.    97.   344.   639.   704.
3502252025   784.   706.   589.   420.   310.   115.    20.    11.    79.   425.   519.   626.
3502252026   701.   599.   524.   408.   241.   109.    41.    27. -9999. -9999. -9999. -9999.
3502262007     0.     0.     0.     0.     0.     7.   102.    60.    12.     0.     0.     0.
3502262008     0.     0.     0.     0.     0.     0.    76.    73.    27.     0.     0.     0.
3502262009     0.     0.     0.     0.     0.    15.   139.    76.    33.     0.     0.     0.
3502262010     0.     0.     0.     0.     0.     0.    64.    60.    20.     0.     0.     0.
3502262011     0.     0.     0.     0.     0.     0.    29.    73.    59.     0.     0.     0.
3502262012     0.     0.     0.     0.     0.     0.    51.    99.    38.     0.     0.     0.
3502262013     0.     0.     0.     0.     0.    19.   106.    97.    21.     0.     0.     0.
3502262014     0.     0.     0.     0.     7.    10.   144.   143.    59.     0.     0.     0.
3502262015     0.     0.     0.     0.     6.    80.   156.   122.    16.     0.     0.     0.
3502262016     0.     0.     0.     0.     7.    23.    58.   119.    14.     0.     0.     0.
3502262017     0.     0.     0.     0.     5.    19.    96.   177.    46.     0.     0.     0.
3502262018     0.     0.     0.     0.     9.    14.   141.   107.    15.     0.     0.     0.
3502262019     0.     0.     0.     0.     7.    19.    66.   105.    14.     0.     0.     0.
3502262020     0.     0.     0.     0.     0.    10.    82.    95.    56.     0.     0.     0.
3502262021     0.     0.     0.     0.     0.    72.   141.   117.    29.     0.     0.     0.
3502262022     0.     0.     0.     0.     0.    13.   134.   163.    62.     0.     0.     0.
3502262023     0.     0.     0.     0.    13.    23.   127.   174.    21.     0.     0.     0.
3502262024     0.     0.     0.     0.     0.    15.   169.    88.    43.     0.     0.     0.
3502262025     0.     0.     0.     0.     0.    25.   132.   163.    58.     0.     0.     0.
3502262026     0.     0.     0.     0.     8.    28.    91.   111. -9999. -9999. -9999. -9999.
